data_femboys
0.jpg 0.40863787375415284 0.16 0.7043189368770764 0.30833333333333335
1.jpg 0.23699421965317918 0.03166666666666667 0.8872832369942196 0.4066666666666667
2.jpg 0.11221122112211221 0.31333333333333335 0.8811881188118812 0.7016666666666667
3.jpg 0.15866388308977036 0.18166666666666667 0.7849686847599165 0.6816666666666666
4.jpg 0.1327683615819209 0.25333333333333335 0.9322033898305084 0.725
5.jpg 0.1767337807606264 0.14833333333333334 0.9172259507829977 0.7
6.jpg 0.18993135011441648 0.06 0.9107551487414187 0.585
7.jpg 0.07 0.10166666666666667 0.7666666666666667 0.7983333333333333
8.jpg 0.2654424040066778 0.125 0.7028380634390651 0.5616666666666666
9.jpg 0.06333333333333334 0.07166666666666667 0.5183333333333333 0.5266666666666666
10.jpg 0.19375 0.3516666666666667 0.7458333333333333 0.7933333333333333
11.jpg 0.3516666666666667 0.04747774480712166 0.5866666666666667 0.4658753709198813
12.jpg 0.18333333333333332 0.255 0.7366666666666667 0.5316666666666666
13.jpg 0.2606516290726817 0.13333333333333333 0.49874686716791977 0.2916666666666667
14.jpg 0.215 0.08648648648648649 0.8783333333333333 0.8036036036036036
15.jpg 0.10542168674698796 0.19833333333333333 0.9307228915662651 0.655
16.jpg 0.35333333333333333 0.043333333333333335 0.8511111111111112 0.4166666666666667
17.jpg 0.24629080118694363 0.33 0.7893175074183977 0.635
18.jpg 0.10385756676557864 0.13666666666666666 0.9703264094955489 0.6233333333333333
19.jpg 0.37388724035608306 0.12 0.9258160237388724 0.43
20.jpg 0.20178041543026706 0.36333333333333334 0.9584569732937686 0.7883333333333333
21.jpg 0.2831168831168831 0.11166666666666666 0.8285714285714286 0.46166666666666667
23.jpg 0.12166172106824925 0.06166666666666667 0.6884272997032641 0.38
24.jpg 0.12852664576802508 0.20166666666666666 0.8495297805642633 0.585
25.jpg 0.2195845697329377 0.23833333333333334 0.8813056379821959 0.61
26.jpg 0.18100890207715134 0.23833333333333334 0.8427299703264095 0.61
27.jpg 0.25625 0.21 0.7208333333333333 0.5816666666666667
28.jpg 0.3616666666666667 0.24333333333333335 0.8533333333333334 0.735
29.jpg 0.18541666666666667 0.2683333333333333 0.8 0.76
30.jpg 0.27002967359050445 0.17333333333333334 0.9851632047477745 0.575
31.jpg 0.15673981191222572 0.2683333333333333 0.7210031347962382 0.5683333333333334
32.jpg BAD
56.jpg 0.13479623824451412 0.19 0.8213166144200627 0.555
108.jpg 0.39 0.12222222222222222 0.7383333333333333 0.5866666666666667
42.jpg 0.07243460764587525 0.12166666666666667 0.9557344064386318 0.8533333333333334
137.jpg 0.18345323741007194 0.19833333333333333 0.8453237410071942 0.8116666666666666
37.jpg 0.08222811671087533 0.12833333333333333 0.9389920424403183 0.6666666666666666
38.jpg 0.12852664576802508 0.24 0.877742946708464 0.6383333333333333
39.jpg 0.11833333333333333 0.15666666666666668 0.69 0.7283333333333334
40.jpg 0.23824451410658307 0.25833333333333336 0.8307210031347962 0.5733333333333334
41.jpg 0.08823529411764706 0.21666666666666667 0.6701680672268907 0.6783333333333333
42.jpg 0.06841046277665996 0.205 0.9899396378269618 0.9683333333333334
42.jpg BAD
43.jpg 0.13333333333333333 0.08665511265164645 0.8616666666666667 0.8440207972270364
44.jpg 0.4391691394658754 0.056666666666666664 0.8249258160237388 0.2733333333333333
45.jpg 0.258160237388724 0.1 0.6350148367952523 0.31166666666666665
46.jpg 0.23333333333333334 0.165 0.8311111111111111 0.6133333333333333
47.jpg 0.12885154061624648 0.24666666666666667 0.8235294117647058 0.66
48.jpg 0.35714285714285715 0.13 0.615546218487395 0.335
49.jpg 0.17940199335548174 0.18333333333333332 0.584717607973422 0.38666666666666666
50.jpg 0.14106583072100312 0.25166666666666665 0.8652037617554859 0.6366666666666667
51.jpg 0.20474777448071216 0.2633333333333333 0.8160237388724035 0.6066666666666667
52.jpg 0.2783333333333333 0.09833333333333333 0.8316666666666667 0.6516666666666666
53.jpg 0.285 0.12876254180602006 0.6133333333333333 0.45819397993311034
54.jpg 0.04984423676012461 0.24166666666666667 0.778816199376947 0.6316666666666667
55.jpg 0.20253164556962025 0.3283333333333333 0.7721518987341772 0.6283333333333333
56.jpg 0.18181818181818182 0.22666666666666666 0.8401253918495298 0.5766666666666667
57.jpg 0.28 0.235 0.7688888888888888 0.6016666666666667
58.jpg 0.20666666666666667 0.23666666666666666 0.75 0.78
59.jpg BAD
60.jpg 0.09792284866468842 0.2633333333333333 0.9228486646884273 0.7266666666666667
61.jpg 0.33903133903133903 0.21166666666666667 0.8148148148148148 0.49
62.jpg BAD
63.jpg 0.21833333333333332 0.11 0.725 0.6166666666666667
64.jpg 0.19122257053291536 0.32 0.8401253918495298 0.665
65.jpg 0.18181818181818182 0.18333333333333332 0.9059561128526645 0.5683333333333334
66.jpg 0.37555555555555553 0.085 0.6466666666666666 0.28833333333333333
67.jpg 0.26112759643916916 0.23333333333333334 0.8961424332344213 0.59
68.jpg 0.20938628158844766 0.3383333333333333 0.7689530685920578 0.5966666666666667
69.jpg 0.21 0.05333333333333334 0.6716666666666666 0.515
70.jpg 0.2956810631229236 0.2633333333333333 0.973421926910299 0.6033333333333334
71.jpg 0.23974082073434125 0.38166666666666665 0.8034557235421166 0.8166666666666667
72.jpg 0.2390852390852391 0.105 0.7962577962577962 0.5516666666666666
73.jpg 0.3 0.215 0.7038461538461539 0.565
74.jpg BAD
75.jpg 0.4116666666666667 0.17293233082706766 0.7 0.606516290726817
76.jpg 0.13 0.041666666666666664 0.6983333333333334 0.61
77.jpg 0.07111111111111111 0.165 0.7044444444444444 0.64
78.jpg 0.31971153846153844 0.255 0.9038461538461539 0.66
79.jpg 0.20333333333333334 0.15666666666666668 0.665 0.6183333333333333
80.jpg 0.39 0.03777777777777778 0.8466666666666667 0.6466666666666666
81.jpg 0.26260504201680673 0.15666666666666668 0.865546218487395 0.635
82.jpg 0.24166666666666667 0.03015075376884422 0.6983333333333334 0.48911222780569513
83.jpg 0.41333333333333333 0.295 0.9466666666666667 0.8283333333333334
84.jpg BAD
85.jpg 0.35208333333333336 0.11666666666666667 0.88125 0.54
86.jpg 0.0903954802259887 0.105 0.6459510357815442 0.5966666666666667
87.jpg 0.24175824175824176 0.23333333333333334 0.7428571428571429 0.6133333333333333
88.jpg 0.11949685534591195 0.4033333333333333 0.7295597484276729 0.7266666666666667
89.jpg 0.15673981191222572 0.19666666666666666 0.8369905956112853 0.5583333333333333
90.jpg 0.3625 0.2733333333333333 0.7979166666666667 0.6216666666666667
91.jpg 0.34 0.15777777777777777 0.665 0.5911111111111111
92.jpg 0.34718100890207715 0.4066666666666667 0.973293768545994 0.7583333333333333
93.jpg 0.1543026706231454 0.23833333333333334 0.887240356083086 0.65
94.jpg 0.22666666666666666 0.2966666666666667 0.7433333333333333 0.8133333333333334
95.jpg 0.1837160751565762 0.045 0.7849686847599165 0.525
96.jpg 0.395 0.11333333333333333 0.8133333333333334 0.5316666666666666
97.jpg 0.25333333333333335 0.18333333333333332 0.67 0.6
98.jpg 0.22602739726027396 0.135 0.8253424657534246 0.4266666666666667
99.jpg 0.275 0.2916666666666667 0.875 0.7716666666666666
100.jpg 0.3516666666666667 0.1632047477744807 0.6616666666666666 0.7151335311572701
101.jpg BAD
102.jpg 0.1632047477744807 0.145 0.5548961424332344 0.365
103.jpg 0.23333333333333334 0.18333333333333332 0.6466666666666666 0.49333333333333335
104.jpg 0.32456140350877194 0.245 0.8289473684210527 0.6283333333333333
105.jpg 0.4796573875802998 0.13166666666666665 0.8479657387580299 0.41833333333333333
106.jpg 0.29 0.22939866369710468 0.6883333333333334 0.7616926503340757
107.jpg 0.35714285714285715 0.39666666666666667 0.7946428571428571 0.805
108.jpg 0.37666666666666665 0.09777777777777778 0.7716666666666666 0.6244444444444445
109.jpg 0.27899686520376177 0.30666666666666664 0.9090909090909091 0.6416666666666667
110.jpg 0.2558139534883721 0.215 0.8571428571428571 0.5166666666666667
111.jpg 0.1803921568627451 0.25 0.7058823529411765 0.6966666666666667
112.jpg 0.08150470219435736 0.23 0.6990595611285266 0.5583333333333333
113.jpg 0.1974921630094044 0.185 0.8871473354231975 0.5516666666666666
114.jpg 0.225130890052356 0.26666666666666666 0.8010471204188482 0.6333333333333333
115.jpg 0.2577777777777778 0.05 0.9244444444444444 0.55
116.jpg 0.3264094955489614 0.20833333333333334 0.8249258160237388 0.48833333333333334
117.jpg 0.2026726057906459 0.051666666666666666 0.8262806236080178 0.5183333333333333
118.jpg 0.19558359621451105 0.20333333333333334 0.8990536277602523 0.575
119.jpg 0.30666666666666664 0.27166666666666667 0.7488888888888889 0.6033333333333334
120.jpg 0.38666666666666666 0.22166666666666668 0.8355555555555556 0.5583333333333333
121.jpg 0.33666666666666667 0.2783333333333333 0.7766666666666666 0.7183333333333334
122.jpg 0.205 0.25333333333333335 0.59 0.6383333333333333
123.jpg 0.3590504451038576 0.325 0.7863501483679525 0.565
124.jpg 0.3977777777777778 0.24666666666666667 0.7711111111111111 0.5266666666666666
125.jpg 0.23809523809523808 0.12666666666666668 0.6418219461697723 0.45166666666666666
126.jpg 0.2699724517906336 0.2683333333333333 0.7713498622589532 0.5716666666666667
127.jpg 0.14854111405835543 0.195 0.9389920424403183 0.6916666666666667
128.jpg 0.25679012345679014 0.23833333333333334 0.8740740740740741 0.655
129.jpg 0.2857142857142857 0.2733333333333333 0.7589285714285714 0.5383333333333333
130.jpg 0.29276315789473684 0.24 0.8157894736842105 0.505
131.jpg 0.30416666666666664 0.25 0.7479166666666667 0.605
132.jpg 0.17333333333333334 0.30666666666666664 0.6644444444444444 0.675
133.jpg 0.3790322580645161 0.135 0.7016129032258065 0.335
134.jpg 0.2088888888888889 0.22666666666666666 0.6644444444444444 0.5683333333333334
135.jpg 0.2508038585209003 0.35 0.7652733118971061 0.6166666666666667
136.jpg 0.2202247191011236 0.35333333333333333 0.755056179775281 0.75
137.jpg 0.25359712230215825 0.35 0.7877697841726619 0.845
138.jpg 0.27692307692307694 0.24833333333333332 0.7213675213675214 0.6816666666666666
139.jpg 0.2551928783382789 0.3333333333333333 0.7833827893175074 0.63
