data_femboys
0.jpg 0.40863787375415284 0.16 0.7043189368770764 0.30833333333333335
1.jpg 0.23699421965317918 0.03166666666666667 0.8872832369942196 0.4066666666666667
2.jpg 0.11221122112211221 0.31333333333333335 0.8811881188118812 0.7016666666666667
3.jpg 0.15866388308977036 0.18166666666666667 0.7849686847599165 0.6816666666666666
4.jpg 0.1327683615819209 0.25333333333333335 0.9322033898305084 0.725
5.jpg 0.1767337807606264 0.14833333333333334 0.9172259507829977 0.7
6.jpg 0.18993135011441648 0.06 0.9107551487414187 0.585
7.jpg 0.07 0.10166666666666667 0.7666666666666667 0.7983333333333333
8.jpg 0.2654424040066778 0.125 0.7028380634390651 0.5616666666666666
9.jpg 0.06333333333333334 0.07166666666666667 0.5183333333333333 0.5266666666666666
10.jpg 0.19375 0.3516666666666667 0.7458333333333333 0.7933333333333333
11.jpg 0.3516666666666667 0.04747774480712166 0.5866666666666667 0.4658753709198813
12.jpg 0.18333333333333332 0.255 0.7366666666666667 0.5316666666666666
13.jpg 0.2606516290726817 0.13333333333333333 0.49874686716791977 0.2916666666666667
14.jpg 0.215 0.08648648648648649 0.8783333333333333 0.8036036036036036
15.jpg 0.10542168674698796 0.19833333333333333 0.9307228915662651 0.655
16.jpg 0.35333333333333333 0.043333333333333335 0.8511111111111112 0.4166666666666667
17.jpg 0.24629080118694363 0.33 0.7893175074183977 0.635
18.jpg 0.10385756676557864 0.13666666666666666 0.9703264094955489 0.6233333333333333
19.jpg 0.37388724035608306 0.12 0.9258160237388724 0.43
20.jpg 0.20178041543026706 0.36333333333333334 0.9584569732937686 0.7883333333333333
21.jpg 0.2831168831168831 0.11166666666666666 0.8285714285714286 0.46166666666666667
22.jpg 0.24 0.055855855855855854 0.8933333333333333 0.7621621621621621
23.jpg 0.12166172106824925 0.06166666666666667 0.6884272997032641 0.38
24.jpg 0.12852664576802508 0.20166666666666666 0.8495297805642633 0.585
25.jpg 0.2195845697329377 0.23833333333333334 0.8813056379821959 0.61
26.jpg 0.18100890207715134 0.23833333333333334 0.8427299703264095 0.61
27.jpg 0.25625 0.21 0.7208333333333333 0.5816666666666667
28.jpg 0.3616666666666667 0.24333333333333335 0.8533333333333334 0.735
29.jpg 0.18541666666666667 0.2683333333333333 0.8 0.76
30.jpg 0.27002967359050445 0.17333333333333334 0.9851632047477745 0.575
31.jpg 0.15673981191222572 0.2683333333333333 0.7210031347962382 0.5683333333333334
32.jpg BAD
